MFEM mesh v1.0

#
# MFEM Geometry Types (see mesh/geom.hpp):
#
# POINT       = 0
# SEGMENT     = 1
# TRIANGLE    = 2
# SQUARE      = 3
# TETRAHEDRON = 4
# CUBE        = 5
# PRISM       = 6
#

dimension
2

elements
132
1 2 30 16 34
1 2 8 30 34
1 2 6 16 30
1 2 22 34 49
1 2 34 16 49
1 2 22 8 34
1 2 49 26 53
1 2 22 49 53
1 2 16 26 49
1 2 40 53 68
1 2 53 26 68
1 2 40 22 53
1 2 68 44 72
1 2 40 68 72
1 2 26 44 68
1 2 44 59 72
1 2 59 40 72
1 2 59 44 63
1 2 3 59 63
1 2 8 9 30
1 2 9 6 30
1 2 8 0 9
1 2 5 19 18
1 2 4 18 29
1 2 18 19 29
1 2 19 5 20
1 2 19 20 33
1 2 20 7 33
1 2 1 14 12
1 2 6 12 31
1 2 12 14 31
1 2 14 1 11
1 2 11 2 21
1 2 14 11 21
1 2 13 23 47
1 2 47 23 55
1 2 24 47 55
1 2 23 41 66
1 2 66 41 74
1 2 42 66 74
1 2 61 41 60
1 2 3 61 60
1 2 41 61 74
1 2 61 42 74
1 2 42 55 66
1 2 55 23 66
1 2 42 24 55
1 2 24 36 47
1 2 36 13 47
1 2 24 14 36
1 2 2 13 21
1 2 21 13 36
1 2 14 21 36
1 2 37 24 50
1 2 16 37 50
1 2 14 24 37
1 2 26 50 56
1 2 50 24 56
1 2 26 16 50
1 2 56 42 69
1 2 26 56 69
1 2 24 42 56
1 2 44 69 75
1 2 69 42 75
1 2 44 26 69
1 2 61 44 75
1 2 42 61 75
1 2 44 61 63
1 2 61 3 63
1 2 16 31 37
1 2 31 14 37
1 2 16 6 31
1 2 17 32 35
1 2 32 8 35
1 2 17 7 32
1 2 35 22 51
1 2 17 35 51
1 2 8 22 35
1 2 27 51 54
1 2 51 22 54
1 2 27 17 51
1 2 54 40 70
1 2 27 54 70
1 2 22 40 54
1 2 45 70 73
1 2 70 40 73
1 2 45 27 70
1 2 59 45 73
1 2 40 59 73
1 2 45 59 64
1 2 59 3 64
1 2 10 8 32
1 2 7 10 32
1 2 0 8 10
1 2 17 27 52
1 2 52 27 58
1 2 28 52 58
1 2 27 45 71
1 2 71 45 77
1 2 46 71 77
1 2 65 45 64
1 2 3 65 64
1 2 45 65 77
1 2 65 46 77
1 2 46 58 71
1 2 58 27 71
1 2 46 28 58
1 2 28 39 52
1 2 39 17 52
1 2 28 19 39
1 2 7 17 33
1 2 33 17 39
1 2 19 33 39
1 2 25 15 48
1 2 25 48 57
1 2 48 28 57
1 2 43 25 67
1 2 43 67 76
1 2 67 46 76
1 2 43 65 62
1 2 65 3 62
1 2 65 43 76
1 2 46 65 76
1 2 57 46 67
1 2 25 57 67
1 2 28 46 57
1 2 38 28 48
1 2 15 38 48
1 2 19 28 38
1 2 15 4 29
1 2 15 29 38
1 2 29 19 38

boundary
22
6 1 0 9
5 1 10 0
1 1 1 11
6 1 12 1
1 1 11 2
2 1 2 13
2 1 60 3
3 1 3 62
3 1 15 4
4 1 4 18
4 1 18 5
5 1 5 20
6 1 9 6
6 1 6 12
5 1 7 10
5 1 20 7
2 1 13 23
3 1 25 15
2 1 23 41
3 1 43 25
2 1 41 60
3 1 62 43

vertices
78
2
-0.5 0.5
-0.5 -0.5
0 -0.5
0 0
0.5 0
0.5 0.5
-0.5 0
0 0.5
-0.25 0.25
-0.5 0.25
-0.25 0.5
-0.25 -0.5
-0.5 -0.25
0 -0.25
-0.25 -0.25
0.25 0
-0.25 0
0 0.25
0.5 0.25
0.25 0.25
0.25 0.5
-0.125 -0.375
-0.125 0.125
0 -0.125
-0.125 -0.125
0.125 0
-0.125 0
0 0.125
0.125 0.125
0.375 0.125
-0.375 0.125
-0.375 -0.125
-0.125 0.375
0.125 0.375
-0.25 0.125
-0.125 0.25
-0.125 -0.25
-0.25 -0.125
0.25 0.125
0.125 0.25
-0.0625 0.0625
0 -0.0625
-0.0625 -0.0625
0.0625 0
-0.0625 0
0 0.0625
0.0625 0.0625
-0.0625 -0.1875
0.1875 0.0625
-0.1875 0.0625
-0.1875 -0.0625
-0.0625 0.1875
0.0625 0.1875
-0.125 0.0625
-0.0625 0.125
-0.0625 -0.125
-0.125 -0.0625
0.125 0.0625
0.0625 0.125
-0.03125 0.03125
0 -0.03125
-0.03125 -0.03125
0.03125 0
-0.03125 0
0 0.03125
0.03125 0.03125
-0.03125 -0.09375
0.09375 0.03125
-0.09375 0.03125
-0.09375 -0.03125
-0.03125 0.09375
0.03125 0.09375
-0.0625 0.03125
-0.03125 0.0625
-0.03125 -0.0625
-0.0625 -0.03125
0.0625 0.03125
0.03125 0.0625
